{
 "cells": [
  {
   "cell_type": "markdown",
   "metadata": {},
   "source": [
    "# Chapter II -  Insights"
   ]
  },
  {
   "cell_type": "markdown",
   "metadata": {},
   "source": [
    "### Insights\n",
    "**1.** The 3 variables that have the highest correlation with churn are payment_Electronic check, contract_Month-to-month and internet_Fiber optic. \n",
    "\n",
    "**2.** Customers without internet tend to churn less (only 7.0% churn rate vs. 26.54% company average) while customer having the fiber tend to churn much more (42.0% churn rate)\n",
    "\n",
    "**3.** Customers with internet service (78.0% of all customers) tend to churn more if they do not have the tech support (41.64% churn rate) and/or the online security (41.77% churn rate).\n",
    "\n",
    "**4.** Differences between churning and non-churning customers come from the time of contract customers have and the type of internet product they have. Demographics variables about the customer and type of phone product they have do not seem to play a role. \n",
    "\n",
    "**5.** A very small proportion of customers have a one year (21.0%) or two year contract (24.0%) while these feature seem to significantly bring down the churn rate while a high proportion of customers have a month to month contract (55.0%)."
   ]
  },
  {
   "cell_type": "markdown",
   "metadata": {},
   "source": [
    "### Data Cleaning\n",
    "- There are no NULL values for any column\n",
    "- There are no duplicate row\n",
    "- Drop CustomerID column\n",
    "- Customers with tenure = 0 have TotalCharges = '  ' --> Transform to 0."
   ]
  },
  {
   "cell_type": "code",
   "execution_count": 42,
   "metadata": {},
   "outputs": [
    {
     "data": {
      "text/html": [
       "<div>\n",
       "<style scoped>\n",
       "    .dataframe tbody tr th:only-of-type {\n",
       "        vertical-align: middle;\n",
       "    }\n",
       "\n",
       "    .dataframe tbody tr th {\n",
       "        vertical-align: top;\n",
       "    }\n",
       "\n",
       "    .dataframe thead th {\n",
       "        text-align: right;\n",
       "    }\n",
       "</style>\n",
       "<table border=\"1\" class=\"dataframe\">\n",
       "  <thead>\n",
       "    <tr style=\"text-align: right;\">\n",
       "      <th></th>\n",
       "      <th>customerID</th>\n",
       "      <th>gender</th>\n",
       "      <th>SeniorCitizen</th>\n",
       "      <th>Partner</th>\n",
       "      <th>Dependents</th>\n",
       "      <th>tenure</th>\n",
       "      <th>PhoneService</th>\n",
       "      <th>MultipleLines</th>\n",
       "      <th>InternetService</th>\n",
       "      <th>OnlineSecurity</th>\n",
       "      <th>...</th>\n",
       "      <th>DeviceProtection</th>\n",
       "      <th>TechSupport</th>\n",
       "      <th>StreamingTV</th>\n",
       "      <th>StreamingMovies</th>\n",
       "      <th>Contract</th>\n",
       "      <th>PaperlessBilling</th>\n",
       "      <th>PaymentMethod</th>\n",
       "      <th>MonthlyCharges</th>\n",
       "      <th>TotalCharges</th>\n",
       "      <th>Churn</th>\n",
       "    </tr>\n",
       "  </thead>\n",
       "  <tbody>\n",
       "  </tbody>\n",
       "</table>\n",
       "<p>0 rows × 21 columns</p>\n",
       "</div>"
      ],
      "text/plain": [
       "Empty DataFrame\n",
       "Columns: [customerID, gender, SeniorCitizen, Partner, Dependents, tenure, PhoneService, MultipleLines, InternetService, OnlineSecurity, OnlineBackup, DeviceProtection, TechSupport, StreamingTV, StreamingMovies, Contract, PaperlessBilling, PaymentMethod, MonthlyCharges, TotalCharges, Churn]\n",
       "Index: []\n",
       "\n",
       "[0 rows x 21 columns]"
      ]
     },
     "execution_count": 42,
     "metadata": {},
     "output_type": "execute_result"
    }
   ],
   "source": [
    "import pandas as pd\n",
    "\n",
    "df = pd.read_csv('churn.csv')\n",
    "\n",
    "df[df.duplicated()]\n"
   ]
  },
  {
   "cell_type": "code",
   "execution_count": 43,
   "metadata": {},
   "outputs": [],
   "source": [
    "# Drop CustomerID\n",
    "df = df.drop('customerID', axis=1)\n",
    "\n",
    "# TotalCharges fill empty string columns with 0 --> those with tenure = 0\n",
    "df['TotalCharges'] = df['TotalCharges'].apply(lambda x: float(x) if ' ' not in x else 0)"
   ]
  },
  {
   "cell_type": "markdown",
   "metadata": {},
   "source": [
    "### Data Transformation\n",
    "- All Yes/No columns are transformed to binary 1/0\n",
    "\n",
    "> DataFrame with all numerical variables --> dfNums\n",
    "- Gender column transformed to binary - Female/Male to 1/0\n",
    "- MultipleLines tranformed - Yes/No/No Phone Service to 1/0/0\n",
    "- Dummy variables (unfold) columns : InternetService, Contract, PaymentMethod\n",
    "\n",
    "> DataFrame with intial columns --> df"
   ]
  },
  {
   "cell_type": "code",
   "execution_count": 44,
   "metadata": {},
   "outputs": [],
   "source": [
    "# Transfrom Yes/No columns to 1/0\n",
    "binaryColumns = ['Partner','Dependents','PhoneService','OnlineSecurity','OnlineBackup','DeviceProtection','TechSupport','StreamingTV','StreamingMovies','PaperlessBilling','Churn']\n",
    "df[binaryColumns] = df[binaryColumns].applymap(lambda x: 1 if x == 'Yes' else 0)\n",
    "\n",
    "# DataFrame with flag variables\n",
    "dfNums = df.copy()\n",
    "\n",
    "# InternetService, Contract, PaymentMethod\n",
    "dfNums = pd.get_dummies(df, columns = ['InternetService','Contract','PaymentMethod'], prefix=['internet','contract','payment'])\n",
    "\n",
    "# Female/Male to 1/0\n",
    "dfNums['gender'] = dfNums['gender'].map({'Female':1, 'Male':0})\n",
    "\n",
    "# MultipleLines\n",
    "dfNums['MultipleLines'] = dfNums['MultipleLines'].apply(lambda x: 1 if x == 'Yes' else 0)"
   ]
  },
  {
   "cell_type": "code",
   "execution_count": 45,
   "metadata": {},
   "outputs": [
    {
     "name": "stdout",
     "output_type": "stream",
     "text": [
      "<class 'pandas.core.frame.DataFrame'>\n",
      "RangeIndex: 7043 entries, 0 to 7042\n",
      "Data columns (total 27 columns):\n",
      " #   Column                             Non-Null Count  Dtype  \n",
      "---  ------                             --------------  -----  \n",
      " 0   gender                             7043 non-null   int64  \n",
      " 1   SeniorCitizen                      7043 non-null   int64  \n",
      " 2   Partner                            7043 non-null   int64  \n",
      " 3   Dependents                         7043 non-null   int64  \n",
      " 4   tenure                             7043 non-null   int64  \n",
      " 5   PhoneService                       7043 non-null   int64  \n",
      " 6   MultipleLines                      7043 non-null   int64  \n",
      " 7   OnlineSecurity                     7043 non-null   int64  \n",
      " 8   OnlineBackup                       7043 non-null   int64  \n",
      " 9   DeviceProtection                   7043 non-null   int64  \n",
      " 10  TechSupport                        7043 non-null   int64  \n",
      " 11  StreamingTV                        7043 non-null   int64  \n",
      " 12  StreamingMovies                    7043 non-null   int64  \n",
      " 13  PaperlessBilling                   7043 non-null   int64  \n",
      " 14  MonthlyCharges                     7043 non-null   float64\n",
      " 15  TotalCharges                       7043 non-null   float64\n",
      " 16  Churn                              7043 non-null   int64  \n",
      " 17  internet_DSL                       7043 non-null   uint8  \n",
      " 18  internet_Fiber optic               7043 non-null   uint8  \n",
      " 19  internet_No                        7043 non-null   uint8  \n",
      " 20  contract_Month-to-month            7043 non-null   uint8  \n",
      " 21  contract_One year                  7043 non-null   uint8  \n",
      " 22  contract_Two year                  7043 non-null   uint8  \n",
      " 23  payment_Bank transfer (automatic)  7043 non-null   uint8  \n",
      " 24  payment_Credit card (automatic)    7043 non-null   uint8  \n",
      " 25  payment_Electronic check           7043 non-null   uint8  \n",
      " 26  payment_Mailed check               7043 non-null   uint8  \n",
      "dtypes: float64(2), int64(15), uint8(10)\n",
      "memory usage: 1004.3 KB\n"
     ]
    }
   ],
   "source": [
    "dfNums.info()"
   ]
  },
  {
   "cell_type": "markdown",
   "metadata": {},
   "source": [
    "### Data Exploration"
   ]
  },
  {
   "cell_type": "markdown",
   "metadata": {},
   "source": [
    "> **Insight 0** | Company wide churn"
   ]
  },
  {
   "cell_type": "code",
   "execution_count": 46,
   "metadata": {},
   "outputs": [
    {
     "name": "stdout",
     "output_type": "stream",
     "text": [
      "There is a 26.54% of churn company-wide.\n"
     ]
    }
   ],
   "source": [
    "percentchurn = dfNums[dfNums[\"Churn\"]==1][\"Churn\"].count()/dfNums[\"Churn\"].count()*100\n",
    "print(f\"There is a {str(round(percentchurn,2)) + '%'} of churn company-wide.\")"
   ]
  },
  {
   "cell_type": "markdown",
   "metadata": {},
   "source": [
    "> **Insight 1** | Correlation matrices with churn"
   ]
  },
  {
   "cell_type": "code",
   "execution_count": 47,
   "metadata": {},
   "outputs": [
    {
     "data": {
      "text/html": [
       "<div>\n",
       "<style scoped>\n",
       "    .dataframe tbody tr th:only-of-type {\n",
       "        vertical-align: middle;\n",
       "    }\n",
       "\n",
       "    .dataframe tbody tr th {\n",
       "        vertical-align: top;\n",
       "    }\n",
       "\n",
       "    .dataframe thead th {\n",
       "        text-align: right;\n",
       "    }\n",
       "</style>\n",
       "<table border=\"1\" class=\"dataframe\">\n",
       "  <thead>\n",
       "    <tr style=\"text-align: right;\">\n",
       "      <th></th>\n",
       "      <th>Churn</th>\n",
       "      <th>abs(churn)</th>\n",
       "      <th>Correlation sign</th>\n",
       "    </tr>\n",
       "  </thead>\n",
       "  <tbody>\n",
       "    <tr>\n",
       "      <th>tenure</th>\n",
       "      <td>-0.352229</td>\n",
       "      <td>0.352229</td>\n",
       "      <td>-</td>\n",
       "    </tr>\n",
       "    <tr>\n",
       "      <th>contract_Two year</th>\n",
       "      <td>-0.302253</td>\n",
       "      <td>0.302253</td>\n",
       "      <td>-</td>\n",
       "    </tr>\n",
       "    <tr>\n",
       "      <th>internet_No</th>\n",
       "      <td>-0.227890</td>\n",
       "      <td>0.227890</td>\n",
       "      <td>-</td>\n",
       "    </tr>\n",
       "    <tr>\n",
       "      <th>TotalCharges</th>\n",
       "      <td>-0.198324</td>\n",
       "      <td>0.198324</td>\n",
       "      <td>-</td>\n",
       "    </tr>\n",
       "    <tr>\n",
       "      <th>contract_One year</th>\n",
       "      <td>-0.177820</td>\n",
       "      <td>0.177820</td>\n",
       "      <td>-</td>\n",
       "    </tr>\n",
       "    <tr>\n",
       "      <th>OnlineSecurity</th>\n",
       "      <td>-0.171226</td>\n",
       "      <td>0.171226</td>\n",
       "      <td>-</td>\n",
       "    </tr>\n",
       "    <tr>\n",
       "      <th>TechSupport</th>\n",
       "      <td>-0.164674</td>\n",
       "      <td>0.164674</td>\n",
       "      <td>-</td>\n",
       "    </tr>\n",
       "    <tr>\n",
       "      <th>Dependents</th>\n",
       "      <td>-0.164221</td>\n",
       "      <td>0.164221</td>\n",
       "      <td>-</td>\n",
       "    </tr>\n",
       "    <tr>\n",
       "      <th>Partner</th>\n",
       "      <td>-0.150448</td>\n",
       "      <td>0.150448</td>\n",
       "      <td>-</td>\n",
       "    </tr>\n",
       "    <tr>\n",
       "      <th>payment_Credit card (automatic)</th>\n",
       "      <td>-0.134302</td>\n",
       "      <td>0.134302</td>\n",
       "      <td>-</td>\n",
       "    </tr>\n",
       "    <tr>\n",
       "      <th>internet_DSL</th>\n",
       "      <td>-0.124214</td>\n",
       "      <td>0.124214</td>\n",
       "      <td>-</td>\n",
       "    </tr>\n",
       "    <tr>\n",
       "      <th>payment_Bank transfer (automatic)</th>\n",
       "      <td>-0.117937</td>\n",
       "      <td>0.117937</td>\n",
       "      <td>-</td>\n",
       "    </tr>\n",
       "    <tr>\n",
       "      <th>payment_Mailed check</th>\n",
       "      <td>-0.091683</td>\n",
       "      <td>0.091683</td>\n",
       "      <td>-</td>\n",
       "    </tr>\n",
       "    <tr>\n",
       "      <th>OnlineBackup</th>\n",
       "      <td>-0.082255</td>\n",
       "      <td>0.082255</td>\n",
       "      <td>-</td>\n",
       "    </tr>\n",
       "    <tr>\n",
       "      <th>DeviceProtection</th>\n",
       "      <td>-0.066160</td>\n",
       "      <td>0.066160</td>\n",
       "      <td>-</td>\n",
       "    </tr>\n",
       "    <tr>\n",
       "      <th>Churn</th>\n",
       "      <td>1.000000</td>\n",
       "      <td>1.000000</td>\n",
       "      <td>+</td>\n",
       "    </tr>\n",
       "    <tr>\n",
       "      <th>contract_Month-to-month</th>\n",
       "      <td>0.405103</td>\n",
       "      <td>0.405103</td>\n",
       "      <td>+</td>\n",
       "    </tr>\n",
       "    <tr>\n",
       "      <th>internet_Fiber optic</th>\n",
       "      <td>0.308020</td>\n",
       "      <td>0.308020</td>\n",
       "      <td>+</td>\n",
       "    </tr>\n",
       "    <tr>\n",
       "      <th>payment_Electronic check</th>\n",
       "      <td>0.301919</td>\n",
       "      <td>0.301919</td>\n",
       "      <td>+</td>\n",
       "    </tr>\n",
       "    <tr>\n",
       "      <th>MonthlyCharges</th>\n",
       "      <td>0.193356</td>\n",
       "      <td>0.193356</td>\n",
       "      <td>+</td>\n",
       "    </tr>\n",
       "    <tr>\n",
       "      <th>PaperlessBilling</th>\n",
       "      <td>0.191825</td>\n",
       "      <td>0.191825</td>\n",
       "      <td>+</td>\n",
       "    </tr>\n",
       "    <tr>\n",
       "      <th>SeniorCitizen</th>\n",
       "      <td>0.150889</td>\n",
       "      <td>0.150889</td>\n",
       "      <td>+</td>\n",
       "    </tr>\n",
       "    <tr>\n",
       "      <th>StreamingTV</th>\n",
       "      <td>0.063228</td>\n",
       "      <td>0.063228</td>\n",
       "      <td>+</td>\n",
       "    </tr>\n",
       "    <tr>\n",
       "      <th>StreamingMovies</th>\n",
       "      <td>0.061382</td>\n",
       "      <td>0.061382</td>\n",
       "      <td>+</td>\n",
       "    </tr>\n",
       "    <tr>\n",
       "      <th>MultipleLines</th>\n",
       "      <td>0.040102</td>\n",
       "      <td>0.040102</td>\n",
       "      <td>+</td>\n",
       "    </tr>\n",
       "    <tr>\n",
       "      <th>PhoneService</th>\n",
       "      <td>0.011942</td>\n",
       "      <td>0.011942</td>\n",
       "      <td>+</td>\n",
       "    </tr>\n",
       "    <tr>\n",
       "      <th>gender</th>\n",
       "      <td>0.008612</td>\n",
       "      <td>0.008612</td>\n",
       "      <td>+</td>\n",
       "    </tr>\n",
       "  </tbody>\n",
       "</table>\n",
       "</div>"
      ],
      "text/plain": [
       "                                      Churn  abs(churn) Correlation sign\n",
       "tenure                            -0.352229    0.352229                -\n",
       "contract_Two year                 -0.302253    0.302253                -\n",
       "internet_No                       -0.227890    0.227890                -\n",
       "TotalCharges                      -0.198324    0.198324                -\n",
       "contract_One year                 -0.177820    0.177820                -\n",
       "OnlineSecurity                    -0.171226    0.171226                -\n",
       "TechSupport                       -0.164674    0.164674                -\n",
       "Dependents                        -0.164221    0.164221                -\n",
       "Partner                           -0.150448    0.150448                -\n",
       "payment_Credit card (automatic)   -0.134302    0.134302                -\n",
       "internet_DSL                      -0.124214    0.124214                -\n",
       "payment_Bank transfer (automatic) -0.117937    0.117937                -\n",
       "payment_Mailed check              -0.091683    0.091683                -\n",
       "OnlineBackup                      -0.082255    0.082255                -\n",
       "DeviceProtection                  -0.066160    0.066160                -\n",
       "Churn                              1.000000    1.000000                +\n",
       "contract_Month-to-month            0.405103    0.405103                +\n",
       "internet_Fiber optic               0.308020    0.308020                +\n",
       "payment_Electronic check           0.301919    0.301919                +\n",
       "MonthlyCharges                     0.193356    0.193356                +\n",
       "PaperlessBilling                   0.191825    0.191825                +\n",
       "SeniorCitizen                      0.150889    0.150889                +\n",
       "StreamingTV                        0.063228    0.063228                +\n",
       "StreamingMovies                    0.061382    0.061382                +\n",
       "MultipleLines                      0.040102    0.040102                +\n",
       "PhoneService                       0.011942    0.011942                +\n",
       "gender                             0.008612    0.008612                +"
      ]
     },
     "execution_count": 47,
     "metadata": {},
     "output_type": "execute_result"
    }
   ],
   "source": [
    "#Check which variables are the most correlated with churn\n",
    "corr = dfNums.corr()\n",
    "corr[\"abs(churn)\"] = abs(corr[\"Churn\"])\n",
    "\n",
    "def relationsign(row):\n",
    "    if row[\"Churn\"] > 0:\n",
    "        return \"+\"\n",
    "    return \"-\"\n",
    "\n",
    "corr['Correlation sign'] = corr.apply(lambda row: relationsign(row), axis=1)\n",
    "corr[[\"Churn\",\"abs(churn)\",\"Correlation sign\"]].sort_values(by=[\"Correlation sign\",\"abs(churn)\"], ascending=False)"
   ]
  },
  {
   "cell_type": "code",
   "execution_count": 48,
   "metadata": {},
   "outputs": [
    {
     "data": {
      "application/vnd.plotly.v1+json": {
       "config": {
        "plotlyServerURL": "https://plot.ly"
       },
       "data": [
        {
         "colorscale": [
          [
           0,
           "rgb(103,0,31)"
          ],
          [
           0.1,
           "rgb(178,24,43)"
          ],
          [
           0.2,
           "rgb(214,96,77)"
          ],
          [
           0.3,
           "rgb(244,165,130)"
          ],
          [
           0.4,
           "rgb(253,219,199)"
          ],
          [
           0.5,
           "rgb(247,247,247)"
          ],
          [
           0.6,
           "rgb(209,229,240)"
          ],
          [
           0.7,
           "rgb(146,197,222)"
          ],
          [
           0.8,
           "rgb(67,147,195)"
          ],
          [
           0.9,
           "rgb(33,102,172)"
          ],
          [
           1,
           "rgb(5,48,97)"
          ]
         ],
         "type": "heatmap",
         "x": [
          "gender",
          "SeniorCitizen",
          "Partner",
          "Dependents",
          "tenure",
          "PhoneService",
          "MultipleLines",
          "OnlineSecurity",
          "OnlineBackup",
          "DeviceProtection",
          "TechSupport",
          "StreamingTV",
          "StreamingMovies",
          "PaperlessBilling",
          "MonthlyCharges",
          "TotalCharges",
          "Churn",
          "internet_DSL",
          "internet_Fiber optic",
          "internet_No",
          "contract_Month-to-month",
          "contract_One year",
          "contract_Two year",
          "payment_Bank transfer (automatic)",
          "payment_Credit card (automatic)",
          "payment_Electronic check",
          "payment_Mailed check"
         ],
         "y": [
          "gender",
          "SeniorCitizen",
          "Partner",
          "Dependents",
          "tenure",
          "PhoneService",
          "MultipleLines",
          "OnlineSecurity",
          "OnlineBackup",
          "DeviceProtection",
          "TechSupport",
          "StreamingTV",
          "StreamingMovies",
          "PaperlessBilling",
          "MonthlyCharges",
          "TotalCharges",
          "Churn",
          "internet_DSL",
          "internet_Fiber optic",
          "internet_No",
          "contract_Month-to-month",
          "contract_One year",
          "contract_Two year",
          "payment_Bank transfer (automatic)",
          "payment_Credit card (automatic)",
          "payment_Electronic check",
          "payment_Mailed check"
         ],
         "z": [
          [
           1,
           0.0018737116382606784,
           0.0018080796617890086,
           -0.010516611922734096,
           -0.005106222619949842,
           0.006487672136208215,
           0.008413655871516412,
           0.017020796813959366,
           0.013773188729006028,
           0.0021045826513887075,
           0.009211760356587634,
           0.008392549998357625,
           0.010487356300500291,
           0.011753691221222193,
           0.014569323728667342,
           8.03034562787398e-05,
           0.008612095078997776,
           -0.006567778691102211,
           0.01128644272011662,
           -0.006025751154069731,
           0.0033859456136271435,
           -0.008025643075007369,
           0.00369505080347659,
           0.016023595160041808,
           -0.0012147794729687588,
           -0.0007521807011951186,
           -0.013744173305346302
          ],
          [
           0.0018737116382606784,
           1,
           0.01647865759741389,
           -0.2111850884939573,
           0.016566877681809315,
           0.008576401079279374,
           0.1429481747627617,
           -0.03865270449719514,
           0.06657213514513476,
           0.05942849428693287,
           -0.06062459069356334,
           0.10537766784282361,
           0.12017625118896443,
           0.15652955931117266,
           0.22017333857627205,
           0.1030061840795253,
           0.15088932817647233,
           -0.10832221369858291,
           0.2553377729551271,
           -0.18274172290672516,
           0.1383604644026422,
           -0.04626244292701931,
           -0.11700001812504587,
           -0.016158940862199628,
           -0.024135372360318857,
           0.17171777869093563,
           -0.15347749042895986
          ],
          [
           0.0018080796617890086,
           0.01647865759741389,
           1,
           0.4526762829294659,
           0.37969746116829306,
           0.017705663223971994,
           0.14205707936228557,
           0.14310622750264382,
           0.14149801947228102,
           0.15378643563077854,
           0.119998869764316,
           0.1246658005649171,
           0.11741185447194485,
           -0.014876622287891071,
           0.0968479362564748,
           0.3175040180528807,
           -0.15044754495917623,
           -0.0008509247739520988,
           0.00030366541646427686,
           0.0006151650863897274,
           -0.28086522610831505,
           0.08278330748148335,
           0.24809065453756396,
           0.11070636952477751,
           0.08202919645732591,
           -0.08385168936271037,
           -0.09512485882293231
          ],
          [
           -0.010516611922734096,
           -0.2111850884939573,
           0.4526762829294659,
           1,
           0.15971233121691789,
           -0.0017616785446837207,
           -0.024525804414100526,
           0.08097166023248387,
           0.02367101301051337,
           0.013962535653790248,
           0.06326814139965373,
           -0.016557742951037433,
           -0.03974096205892352,
           -0.11137722919364468,
           -0.11389023002193566,
           0.06207819481604347,
           -0.1642214015797254,
           0.052010348064673716,
           -0.16581835875542192,
           0.1398118853116784,
           -0.2317201661297165,
           0.06836848043822047,
           0.20461344694774095,
           0.05202098094740092,
           0.060267000176367644,
           -0.15064248847911277,
           0.059071012814667395
          ],
          [
           -0.005106222619949842,
           0.016566877681809315,
           0.37969746116829306,
           0.15971233121691789,
           1,
           0.008448206732743782,
           0.33194055560918756,
           0.32720277316824503,
           0.3602769889846738,
           0.36065286693247145,
           0.3242207719993657,
           0.27975608223591575,
           0.28611058777846027,
           0.0061524815982710816,
           0.24789985628615094,
           0.8261783979502434,
           -0.35222867011307885,
           0.013274087649273895,
           0.01972036768675567,
           -0.039061982110428314,
           -0.6455614232660726,
           0.2025704754494177,
           0.5585326708193884,
           0.24351044443849923,
           0.2330055250125013,
           -0.20836250343948978,
           -0.23385205012387278
          ],
          [
           0.006487672136208215,
           0.008576401079279374,
           0.017705663223971994,
           -0.0017616785446837207,
           0.008448206732743782,
           1,
           0.2796899947429132,
           -0.09289270011220854,
           -0.052312242947635416,
           -0.07122688671747505,
           -0.09633961826825957,
           -0.022573591794937113,
           -0.03295889236478095,
           0.016504805732569586,
           0.24739796321413557,
           0.11321354444457556,
           0.011941980029003084,
           -0.4524254899613079,
           0.2899989345730813,
           0.17220876982805308,
           -0.0007424302790416039,
           -0.0027906430986324718,
           0.0035189075685082,
           0.007556212925145823,
           -0.007721160009099356,
           0.003061829845430062,
           -0.003318789543607568
          ],
          [
           0.008413655871516412,
           0.1429481747627617,
           0.14205707936228557,
           -0.024525804414100526,
           0.33194055560918756,
           0.2796899947429132,
           1,
           0.098108139697264,
           0.2022370163204947,
           0.2011365325449602,
           0.1005713099857394,
           0.25715163510824723,
           0.25875149199377756,
           0.1635301742129278,
           0.49043396944002937,
           0.4685038161636605,
           0.040102127699826115,
           -0.19992020935336352,
           0.36608324961178895,
           -0.2105635237791302,
           -0.08820313233782175,
           -0.0037935880457818437,
           0.10625270251960478,
           0.07552652675123099,
           0.06004835777743554,
           0.08361817831666876,
           -0.22720630042805834
          ],
          [
           0.017020796813959366,
           -0.03865270449719514,
           0.14310622750264382,
           0.08097166023248387,
           0.32720277316824503,
           -0.09289270011220854,
           0.098108139697264,
           1,
           0.2838322335327234,
           0.27543797874378695,
           0.3549307078927643,
           0.17620730704239432,
           0.18739833092624927,
           -0.003635897148474223,
           0.2965941920005671,
           0.41165052665218405,
           -0.1712262919485523,
           0.32126890794490415,
           -0.03069571096235301,
           -0.3334027048964506,
           -0.24667886763136213,
           0.10016245689105185,
           0.1917733991520229,
           0.09515804273500739,
           0.1157206551755544,
           -0.11233777625407043,
           -0.0807980537772009
          ],
          [
           0.013773188729006028,
           0.06657213514513476,
           0.14149801947228102,
           0.02367101301051337,
           0.3602769889846738,
           -0.052312242947635416,
           0.2022370163204947,
           0.2838322335327234,
           1,
           0.3035462090113277,
           0.29423287840689494,
           0.28210642197177166,
           0.27450120196050104,
           0.12673537300697274,
           0.44178009435947463,
           0.5092260122231486,
           -0.08225486893814256,
           0.1578843939740524,
           0.1656508908339323,
           -0.38159329680772736,
           -0.164172333092541,
           0.08372237279771923,
           0.1113995950462178,
           0.08700369093869724,
           0.09078478545257015,
           -0.0004077158725883254,
           -0.17416391693980943
          ],
          [
           0.0021045826513887075,
           0.05942849428693287,
           0.15378643563077854,
           0.013962535653790248,
           0.36065286693247145,
           -0.07122688671747505,
           0.2011365325449602,
           0.27543797874378695,
           0.3035462090113277,
           1,
           0.33331256231543926,
           0.39087402691958434,
           0.4021105377661728,
           0.10379680498154165,
           0.48269204827329526,
           0.5219828797811954,
           -0.06615979128028963,
           0.14629064131472236,
           0.17604889095154458,
           -0.38075433795295827,
           -0.22566200253940216,
           0.10249519931671615,
           0.1650963913142373,
           0.08311454613206692,
           0.11155436356101238,
           -0.0033507734088713804,
           -0.1873734874635515
          ],
          [
           0.009211760356587634,
           -0.06062459069356334,
           0.119998869764316,
           0.06326814139965373,
           0.3242207719993657,
           -0.09633961826825957,
           0.1005713099857394,
           0.3549307078927643,
           0.29423287840689494,
           0.33331256231543926,
           1,
           0.2780702036372557,
           0.27935847892842425,
           0.037879900207281526,
           0.3383042642201547,
           0.43188277132750036,
           -0.16467355590159402,
           0.3131179268609477,
           -0.020492402500577486,
           -0.33629828469845985,
           -0.2852413102955641,
           0.09577473766009513,
           0.24082355652920476,
           0.10125246802180841,
           0.11727230654467367,
           -0.11483871499570028,
           -0.08550850677032883
          ],
          [
           0.008392549998357625,
           0.10537766784282361,
           0.1246658005649171,
           -0.016557742951037433,
           0.27975608223591575,
           -0.022573591794937113,
           0.25715163510824723,
           0.17620730704239432,
           0.28210642197177166,
           0.39087402691958434,
           0.2780702036372557,
           1,
           0.5330938326943199,
           0.22384098246010228,
           0.6296031609781678,
           0.5149734780630058,
           0.06322774611875735,
           0.016273726794572875,
           0.32934852591155733,
           -0.41555189388029695,
           -0.11228242714593198,
           0.06161243382926111,
           0.0720490410206099,
           0.04625225164274544,
           0.04043308035426147,
           0.14462638547453485,
           -0.24774242360741977
          ],
          [
           0.010487356300500291,
           0.12017625118896443,
           0.11741185447194485,
           -0.03974096205892352,
           0.28611058777846027,
           -0.03295889236478095,
           0.25875149199377756,
           0.18739833092624927,
           0.27450120196050104,
           0.4021105377661728,
           0.27935847892842425,
           0.5330938326943199,
           1,
           0.21171599176513145,
           0.6274288843898598,
           0.520121782100853,
           0.06138154801518694,
           0.025697831994172124,
           0.32292269808482754,
           -0.41867507897021555,
           -0.11663335681858021,
           0.06492603542901956,
           0.07395984413698505,
           0.04865217505038137,
           0.04857480053298374,
           0.13796637540690124,
           -0.2505954638083168
          ],
          [
           0.011753691221222193,
           0.15652955931117266,
           -0.014876622287891071,
           -0.11137722919364468,
           0.0061524815982710816,
           0.016504805732569586,
           0.1635301742129278,
           -0.003635897148474223,
           0.12673537300697274,
           0.10379680498154165,
           0.037879900207281526,
           0.22384098246010228,
           0.21171599176513145,
           1,
           0.35214996779598723,
           0.15857437033154356,
           0.19182533166646878,
           -0.06312108493004084,
           0.32685324851960407,
           -0.32101306523320894,
           0.1690964468722201,
           -0.051391159173446985,
           -0.14788875031016613,
           -0.01633220352789356,
           -0.013588829059284402,
           0.2088647554671869,
           -0.20539800518883697
          ],
          [
           0.014569323728667342,
           0.22017333857627205,
           0.0968479362564748,
           -0.11389023002193566,
           0.24789985628615094,
           0.24739796321413557,
           0.49043396944002937,
           0.2965941920005671,
           0.44178009435947463,
           0.48269204827329526,
           0.3383042642201547,
           0.6296031609781678,
           0.6274288843898598,
           0.35214996779598723,
           1,
           0.6511738315787816,
           0.19335642223784716,
           -0.16018932620444223,
           0.7870655284726781,
           -0.763556558286573,
           0.06016532712773747,
           0.004903839415022833,
           -0.07468085092684267,
           0.04281214055789999,
           0.030550358072309873,
           0.2716246710861262,
           -0.3774373156841072
          ],
          [
           8.03034562787398e-05,
           0.1030061840795253,
           0.3175040180528807,
           0.06207819481604347,
           0.8261783979502434,
           0.11321354444457556,
           0.4685038161636605,
           0.41165052665218405,
           0.5092260122231486,
           0.5219828797811954,
           0.43188277132750036,
           0.5149734780630058,
           0.520121782100853,
           0.15857437033154356,
           0.6511738315787816,
           1,
           -0.1983242626039948,
           -0.052468587998938665,
           0.3616554357800462,
           -0.3752228425945091,
           -0.4442549080768341,
           0.1708138856293546,
           0.3544807765108599,
           0.1859869321041114,
           0.18291458126297627,
           -0.05924588832828427,
           -0.29575842313548595
          ],
          [
           0.008612095078997776,
           0.15088932817647233,
           -0.15044754495917623,
           -0.1642214015797254,
           -0.35222867011307885,
           0.011941980029003084,
           0.040102127699826115,
           -0.1712262919485523,
           -0.08225486893814256,
           -0.06615979128028963,
           -0.16467355590159402,
           0.06322774611875735,
           0.06138154801518694,
           0.19182533166646878,
           0.19335642223784716,
           -0.1983242626039948,
           1,
           -0.12421382390260355,
           0.3080197449448227,
           -0.22789044975609363,
           0.40510291068799115,
           -0.1778200183499079,
           -0.30225346934965014,
           -0.11793667192853871,
           -0.1343017506626284,
           0.30191874901128496,
           -0.09168283858842928
          ],
          [
           -0.006567778691102211,
           -0.10832221369858291,
           -0.0008509247739520988,
           0.052010348064673716,
           0.013274087649273895,
           -0.4524254899613079,
           -0.19992020935336352,
           0.32126890794490415,
           0.1578843939740524,
           0.14629064131472236,
           0.3131179268609477,
           0.016273726794572875,
           0.025697831994172124,
           -0.06312108493004084,
           -0.16018932620444223,
           -0.052468587998938665,
           -0.12421382390260355,
           1,
           -0.6409871702805351,
           -0.3806345434753894,
           -0.06550876072359751,
           0.046795273572389086,
           0.031714234510353184,
           0.02547553614624615,
           0.05143757263283662,
           -0.10441759819553861,
           0.0418992819818248
          ],
          [
           0.01128644272011662,
           0.2553377729551271,
           0.00030366541646427686,
           -0.16581835875542192,
           0.01972036768675567,
           0.2899989345730813,
           0.36608324961178895,
           -0.03069571096235301,
           0.1656508908339323,
           0.17604889095154458,
           -0.020492402500577486,
           0.32934852591155733,
           0.32292269808482754,
           0.32685324851960407,
           0.7870655284726781,
           0.3616554357800462,
           0.3080197449448227,
           -0.6409871702805351,
           1,
           -0.46579271044600284,
           0.24416415597398572,
           -0.07632409089469194,
           -0.21152603536967934,
           -0.02262401224386686,
           -0.050076655450446934,
           0.3364097780255869,
           -0.30683412957624884
          ],
          [
           -0.006025751154069731,
           -0.18274172290672516,
           0.0006151650863897274,
           0.1398118853116784,
           -0.039061982110428314,
           0.17220876982805308,
           -0.2105635237791302,
           -0.3334027048964506,
           -0.38159329680772736,
           -0.38075433795295827,
           -0.33629828469845985,
           -0.41555189388029695,
           -0.41867507897021555,
           -0.32101306523320894,
           -0.763556558286573,
           -0.3752228425945091,
           -0.22789044975609363,
           -0.3806345434753894,
           -0.46579271044600284,
           1,
           -0.2186387661615461,
           0.03800394241916658,
           0.2182782234096049,
           -0.0021133998738821764,
           0.0010297293228974764,
           -0.2849166458500224,
           0.3213607323178355
          ],
          [
           0.0033859456136271435,
           0.1383604644026422,
           -0.28086522610831505,
           -0.2317201661297165,
           -0.6455614232660726,
           -0.0007424302790416039,
           -0.08820313233782175,
           -0.24667886763136213,
           -0.164172333092541,
           -0.22566200253940216,
           -0.2852413102955641,
           -0.11228242714593198,
           -0.11663335681858021,
           0.1690964468722201,
           0.06016532712773747,
           -0.4442549080768341,
           0.40510291068799115,
           -0.06550876072359751,
           0.24416415597398572,
           -0.2186387661615461,
           1,
           -0.5687442811986994,
           -0.6226334072448431,
           -0.17970688735759932,
           -0.20414496075693406,
           0.33166148481728003,
           0.004138055475923944
          ],
          [
           -0.008025643075007369,
           -0.04626244292701931,
           0.08278330748148335,
           0.06836848043822047,
           0.2025704754494177,
           -0.0027906430986324718,
           -0.0037935880457818437,
           0.10016245689105185,
           0.08372237279771923,
           0.10249519931671615,
           0.09577473766009513,
           0.06161243382926111,
           0.06492603542901956,
           -0.051391159173446985,
           0.004903839415022833,
